-1.536798425366463494e-01 5.589828201854922796e-01
-1.843777472277929874e-03 4.108768045611597142e-01
8.946163787829801706e-01 -8.986805690639971811e-01
-1.728890772231261863e-01 7.102106984231186804e-01
9.388890951162658371e-01 -1.152943469905229890e-01
-9.916236010269681156e-01 -1.573716400406188765e-01
7.226475182467055891e-01 -7.191466426628836395e-01
-7.917764604627421932e-01 -5.807521221609901474e-01
3.143908687905998534e-01 3.104384438503944299e-01
-7.438060913248596417e-01 7.934017266567863214e-01
-9.071846511409877856e-01 -6.879611545753474555e-01
8.672280350932792814e-02 8.961614721400483763e-01
3.797574945914661271e-01 8.406812285955513886e-01
8.843318685485630493e-01 -2.159784661315309329e-01
3.212647168165627676e-02 -8.398192839737381732e-01
8.647034956239569858e-01 -1.809199264763083903e-01
-1.012737468682167741e-01 -7.718894173473456188e-01
2.408924724065608647e-01 9.050928045837736136e-01
-7.625228749336045997e-01 -7.244742111068303014e-01
2.043835577782102675e-01 -3.178022666002013885e-01
-6.863176935628234610e-02 -6.239573311738784156e-01
-6.190023795833718978e-01 1.000248139058423913e-01
-2.932441776144392165e-01 -8.369959289789932200e-01
6.639424008309591230e-02 -6.977206115005336606e-01
2.282047978118972864e-01 -4.225755501541403891e-01
3.557350562958849771e-02 -9.501503839416414188e-01
3.563490370339370550e-01 -6.636263357556866360e-01
1.567788531779121808e-01 2.072375618884501058e-01
-4.863377345406372232e-01 -4.175174695328736085e-01
3.114071386980410416e-02 2.959817767514019149e-01
9.696155962823524987e-01 5.051728760470872714e-01
-3.050425569446284513e-01 1.292184001827216822e-01
8.302712393463353990e-01 9.067747076756120794e-01
-1.961876536340290134e-01 -4.273589657250471685e-01
1.306874232377415179e-01 9.394186585642421150e-01
-7.491359222341715807e-01 1.910312703561525272e-01
9.499596620354411325e-01 3.032783396638456530e-01
7.244575237146393398e-01 5.325098289578529265e-01
-8.258722262147673021e-01 2.475159977571192993e-01
-4.937680236739847572e-01 -8.389039701581875175e-01
1.165324197992800848e-01 -2.894460487605821086e-01
9.028634803012220988e-01 -4.316062889519538537e-01
-2.641765631293346814e+02 -2.782734191727381585e+02
9.744179113538216086e-01 6.739782130225977497e-01
-9.748655672243884407e-01 -1.181218919777955456e-01
2.558028850065532378e-01 2.751803559342005379e-01
6.817730779904487282e-01 -7.487780046836884917e-01
-8.202531693064993856e-01 -6.028421072421992211e-01
-4.752387889523562308e+02 -5.392206810610902039e+02
-4.698433106696184041e+02 -5.001990145473344569e+02
-1.757272294427908150e+02 -1.937029869676181022e+02
7.004304974596704536e-01 5.485245692835436504e-01
1.921505768146498649e-01 1.236641358578678407e-01
-8.912717738519180255e-01 -4.941781579615167619e-01
-5.489898945866727900e+02 -6.126768804453490702e+02
-5.867735227886415714e+02 -6.004306592838455572e+02
-3.706500158051157996e+02 -5.415635054260644665e+02
-4.523365738530924318e+02 -5.903491630854098275e+02
6.117193928961766058e-01 6.653188355589345626e-01
4.589752263466673199e-02 -1.727327148217622437e+02
-3.441507472298944208e+02 -2.408484892017564221e+02
-3.277158689599714307e+02 -3.690235208674519072e+02
-1.946441874573089592e+02 -3.894560955222931398e+02
-3.928208941296842340e+02 -6.690854319563825356e+02
-6.263449817682056846e+02 -6.618674583261241651e+02
-4.473380738738222249e+02 -3.896029862134928976e+02
-2.112863938734348412e-01 -9.938625107301130868e+01
-1.937566063732369344e+02 -1.443736028644325700e+02
-4.901101733657490200e+01 -9.964479505751674537e+01
-2.265099865027738417e+02 -8.677581602175179487e-01
-5.509077297907788306e+02 -5.560152585704039438e+02
-6.582648733646844903e+02 -6.397375158804256898e+02
-4.029949402191628227e-01 6.874042373342195145e-01
2.235511459051495731e-01 -2.276162716777625494e-01
2.504718917962649449e-01 -8.523136897712881854e-01
-9.203578108701653271e-01 -2.998865413083267040e-01
-3.258615516647762611e-01 -9.128218807381929256e-01
-5.895035376904875779e-01 -3.467803715517678853e-01
-3.365955259914480990e+01 -5.459809178349816960e+01
1.997906328279497323e-02 -5.772863442020610414e-01
-2.277166880473628918e-01 6.538317205311903191e-01
6.525677004614016674e-02 5.664948643449421173e-01
-2.376796867415467140e-01 -9.332678286519628941e-01
5.345482160942280903e-01 6.561021750175988210e-02
-3.389073399172795931e+00 -2.641798415289435980e+02
-1.426767335571298645e+02 -2.464935226635829508e+02
-2.900368434449520549e+01 -1.115264887551430917e+02
-6.436168735584255618e-01 -1.344267770409099949e-01
9.873374967076400388e-01 1.937382048718943039e-01
9.507004123940603346e-01 -9.095436216485952574e-01
-6.483677617319962394e+01 -3.265346535321131114e+02
-1.830549476880454165e+02 -3.542231583784562190e+02
-1.632661459173951926e+02 -7.252037673588374389e+01
-3.364611487466052608e+01 -2.971350555328918972e+02
-7.694134680371735868e-01 2.586878131968333161e-01
-1.469885553894521246e+00 1.854294994858580736e-01
-2.280759397576918843e+02 -1.193991217448837290e+02
-1.980895531753127727e+02 -1.490188913560370167e+02
-1.908814269742409522e+02 -3.484907055742900752e+02
9.302886052269357720e+00 -3.758499462431994971e+02
-5.616213223426105117e+01 -3.741508484022642733e+02
-3.551278859435127089e+01 -2.828096877488793552e+02
-1.433952233882392306e+02 3.225527841500663850e-01
-3.905250831426851921e+00 -1.428086475200400685e+02
9.453808326138570806e-01 6.939329937378491131e-02
-2.194983269855436276e+02 -4.558138483962392229e+01
-3.775644656913928543e+02 -4.968401358188051518e+02
-4.435826823030680544e+01 -3.542852712296682967e+02
7.514204602288041546e-01 -1.214814853439434295e-01
9.501075759111363706e-01 -4.614113674124524778e-01
1.885460712361093361e-01 2.813208336476165083e-01
-1.106172966689773496e-01 -8.863981786876611313e-01
5.466176218883436189e-01 6.218091193099914982e-01
7.866537525812988818e-01 -7.066308541940777843e-01
3.540978744645024712e-01 -7.555165957851883718e-01
5.301995697882133651e-01 -6.465728706430016182e-01
4.034193411200146517e-01 -9.867535818778685464e-01
-5.679914742303060482e-01 6.990073455222656218e-01
2.901649659496154943e-01 9.128530765732025820e-01
-9.500620193407114389e-01 -7.374160922955985686e-01
-6.385942069182527270e+00 -1.121586675591323399e+02
-3.184468352733654228e+01 -7.079750181021646771e-01
4.080433063888382339e-01 3.844368975172485214e-02
3.260716652242452440e-01 8.540626922207459337e-01
6.107606194213861528e-01 -4.204454408076356842e-01
-9.065583519519375688e-01 -2.128807495019886531e-01
-2.454627478432014787e+00 -4.858503369678412298e+01
7.038231947379485653e+00 -7.763211815894124790e+00
2.838734378583507301e+00 -8.323237828316531761e+01
5.006971457556598892e+00 -6.908975644218400269e-01
4.443488939518915881e-01 -4.097923822410611816e-01
-1.566689447103941646e-01 -6.046686267102256984e-01
-1.121274987532209764e+02 -4.930698613222641313e+01
2.102916245598263068e-01 -4.758330972719305407e+01
-1.641325000918766541e+00 -1.634351384195042911e+01
7.458067342804177713e+00 -1.124976295441344973e+02
3.012158719660618100e+00 -6.027598260340354130e+01
-9.545777412279077723e+00 -4.998046594764235806e+01
2.372571940747584485e+00 5.955066823581858237e-01
5.025587982810880483e+00 -1.652723307481854675e+01
1.910032388523588365e+00 1.770969069030716714e-01
6.049903332868987071e+00 1.138205801241394255e-01
-7.394817849499590423e+00 -1.653091515138958698e+02
-8.015360369679794417e+01 -1.513806904137812523e+02
1.296753893255579992e-01 -7.329619205008648386e-01
5.545925168560073004e-01 7.045989285609906005e-01
-6.221580397793764483e-01 -4.194410698649038149e-01
1.429570036185250359e-01 -1.334866464759780769e-01
8.072405037153256302e-01 -6.996233084168390626e-02
2.019387106855818903e-01 -1.280468004855466191e-01
-1.029550639839587056e-01 -9.593240568167518134e-01
4.287256959745979756e-01 5.616094676453589063e-01
2.471992526654185340e-01 9.022393619356525729e-01
6.388907643181092055e-01 -1.597298744782831292e-01
-4.947208481896838705e-01 -5.265779367519780596e-01
3.174628554119258705e-01 -5.897008182525003139e-01
-8.204816640054719556e-01 6.403113095106245378e-01
-1.231852703967482032e-01 1.493458733791892534e-01
-2.891571549155256271e-01 -3.363684276224243597e-01
-9.332414733175482535e-01 -9.881980020744154380e-01
-9.734065840567251993e-01 4.536682249026808833e-01
6.462556555897884802e-01 -5.134691221811145123e-01
-5.079694917547186161e-01 -3.561462997542848008e-01
-5.550863633172995470e-01 -5.483863498497936195e-01
-5.762131061594164549e-01 -9.111656292966536785e-01
-4.967535520901962265e-01 -9.747715943381085602e-02
9.405391652800991764e-01 -3.347667747670650673e-01
9.655651280420896043e-03 -7.079823668280749160e-01
-3.536455501661126544e-01 -4.845514897686236111e-01
7.869213068791038879e-01 -9.392751782567787533e-01
-2.584479152916048239e-01 -2.916225004534256371e-03
-8.464038377161782201e-01 3.573938348967631295e-01
-5.223029040596991468e-01 -6.597976910301648346e-01
-4.066315180534774143e-02 7.274299564486907954e-01
9.526541921126510104e-01 5.568880149078259123e-02
-8.126403212018933342e-01 1.548576134826462614e-02
-7.071187256563986612e-01 -7.815591599883877638e-01
6.898593921374076565e-01 -6.598897959810130498e-01
-8.932767048526109033e-01 4.575441775624933261e-01
-4.875784449807818444e-01 -4.434656949183655161e-01
5.593432302798286848e-01 -6.281903821593399773e-01
5.998594811853326103e-01 -1.929620671847023239e-01
2.948087767066718268e-01 8.498149836672665991e-01
-3.799845006916693357e-01 1.544745967165270795e-01
7.656859681539505136e-01 4.194656473470350644e-01
-6.622706667423181592e-01 1.625583307087172802e-01
2.309363602605074561e-02 -5.286136141405854971e-01
9.236469430317950646e-01 -2.989463769901659074e-01
3.419629579398717478e-01 -4.168187030625025713e-01
-2.972090423376079205e-01 -4.276398273439998565e-01
5.142810440618890144e-01 3.288265621177521858e-01
6.916146706987258419e-02 9.716514544572352197e-01
-2.948581686098621368e-01 4.498522695849900277e-01
-1.611928836183209590e-01 7.709089099899464337e-01
-9.057794686354139202e-01 -8.262427768668809680e-01
3.105736244365204790e-01 4.740144201976159710e-01
-5.586003674393349439e-01 -2.817719797217077549e-02
2.898728786443287575e-01 -3.967193341448742583e-01
2.209126013477449302e-01 -7.109287016315701813e-01
-5.456628621170245275e-01 -8.638453778765187163e-01
-7.020749180696150837e-02 7.805955969561209074e-01
6.634648235815503448e-01 -6.460608655782238419e-01
-2.644513649125899146e-01 -9.802644432764373583e-02
-4.872373701436210069e-01 5.552280912646243571e-01
4.773574790530041856e-01 7.984547346161889880e-01
8.625867906047144373e-01 1.373806132651922418e-01
9.291829255595080994e-01 2.885919705023749504e-01
7.584667068727144468e-01 -3.079239179423973738e-01
2.726703871478859398e-01 -3.781590872144506843e-01
-9.464379526556192523e-01 5.051669235158127158e-01
-9.036465796019712560e-01 4.506256106615882384e-01
6.804877559697253275e-02 3.110565579322857044e-01
6.071317494396180070e-01 1.324431891993442800e-01
1.088728291395613113e-03 7.951136170067114595e-01
9.705649828824578496e-01 -5.836300888504708517e-02
-2.802765732209633320e-01 3.024359194022174790e-02
-1.089764366761121206e-01 -6.782462069420556183e-01
3.683621208362350963e-01 -1.804549198954110700e-01
4.351923885422050997e-01 -6.727575400820111629e-01
-3.726297867750225645e-01 8.404177380376975925e-02
-1.168435719708953435e-01 8.389262688524177225e-01
-7.037653146000328874e-01 -4.274599040385969051e-01
-1.875906256056112387e-01 -1.545742457472745190e-01
-4.471955673362582040e-01 6.464795400818883486e-01
9.123732753332765011e-01 8.071220529057383519e-01
-3.970216463788964756e-01 1.365568818838522880e-01
-3.688216092115563782e-01 -7.914800737852487611e-01
-5.260179525055288519e-01 -3.095491734009963025e-01
-9.216675708234767228e-02 -1.304003198253957940e-01
9.833112539651567285e-01 -9.323680315342737224e-01
3.669314779335979271e-01 6.624618169960219127e-01
7.783851230028799861e-01 -8.336540377370842414e-01
6.686657400210311852e-01 -1.471094687697975800e-01
5.034555761646941630e-01 -5.682277562013631211e-01
9.434940962538183040e-01 -8.510756819559321951e-01
-1.389557745627398866e-01 7.766354109741957501e-02
6.542938155302777670e-01 1.243912338534063355e-01
-8.420871249667527536e-02 9.257042413346505683e-01
5.725672146783211680e-01 7.429480241327199863e-01
6.492219813822708296e-01 9.637456356916389577e-01
1.487848347641707036e-01 -2.345221345731700602e-01
-9.770488389094531545e-01 -9.455143403071348818e-01
-4.539548824474819444e-01 6.324391338629955506e-01
3.406405612061955690e-01 -3.513055335701180670e-01
2.342227573202027013e-01 2.510626098809403128e-01
9.785967125234882324e-01 -2.803377606204604522e-01
2.326436427751241709e-01 7.398006215269725683e-01
-4.827384157772360851e-01 -7.250595417065948123e-01
8.352009385209653303e-01 5.320285452959476746e-01
3.564538079571253348e-01 -3.646345787712181874e-01
-6.633485842099389185e-01 2.120811763330014976e-01
-7.949263297180815258e-01 -8.495047073802866056e-01
-1.206023968770659422e+02 -5.947183800895077255e-01
3.827007165442344316e-01 2.835680695698969966e-01
2.439846597307406828e-01 7.444238954536235298e-01
5.357413317901893457e-01 8.898033467202479674e-01
5.932112663316500001e-01 -4.070652519796429392e-01
1.097436402149041257e-01 -2.947764075299064146e-02
-2.820021514870924193e+02 -4.048200044916830507e+02
-6.686929579845249805e+01 -2.621217750315590820e+02
-1.911653320828588676e+01 -1.464197331240333710e+02
-9.239802484286556705e-01 -7.255319877606094536e-01
-6.300945242414259795e-01 3.287381066829864196e-01
7.757027485002467859e-01 -4.322904286949904584e-01
-1.379662577819572959e+02 -5.268297029106124683e+02
-3.278914855789947751e+02 -5.060159058039903925e+02
-2.529851360688436301e+01 -3.073276358655370473e+02
-8.919243639686847303e+01 -1.845418357074240703e+02
9.329144292309303754e-01 8.572647595342230975e-01
-1.532765240803912299e+00 -4.634418849149113395e-01
-3.336212156689145445e+02 -3.986322503905168446e+02
-3.129192258109642921e+02 -3.829563278611420856e+02
-1.272811725358631065e+02 -5.566287430790117696e+02
-1.553817481044325461e+02 -5.441233932478584165e+02
-1.945211283375968492e+02 -3.339596107998989964e+02
-3.669528654210206753e+01 -1.967827641996651096e+02
-5.405840095476277529e-01 -7.856624052755980525e-01
-6.075135899544128470e-01 -2.471199509802755472e+02
-1.932877705970590796e+02 -1.214914364336808461e+02
-1.834033629182886216e+02 -2.987372281128013469e+02
-5.629667464942791639e+02 -5.103114926237456643e+02
-3.364343645288461744e+02 -6.115700250902639254e+02
-5.874743988567328046e-01 -1.651554687973801894e-01
-9.013270102865640343e-01 3.374737976670600936e-01
-4.390467904877228023e+01 -9.634863010717380494e-01
8.802434029088495038e-01 6.920149994014224148e-02
-1.959788343885007009e+02 -3.023903066961148625e+02
-4.143283126292475913e+02 -5.057767544286566590e+02
-1.002110482206792028e+02 -2.833930111367400073e+01
-9.933650383237684345e-01 -5.744942233102126039e-01
9.136059057628522773e-01 1.055731167983759988e-01
-8.651203663790907328e-01 1.847518348184362669e-01
9.997415665604132418e-01 -4.621898968263256080e-01
-1.924852984188898386e-01 1.818459032848696033e-02
-1.936204171645854615e+02 -8.653121922171968095e+01
-1.238137767826448155e+01 -1.231384047746294357e+02
-1.440615601233165233e+00 3.584500707858171431e-01
-8.532884093359105471e-02 6.491295662623564056e-02
-9.400732922426504601e-01 8.240279950771363104e-01
-2.534457260044287175e-02 9.961950538335420102e-01
9.721603371045393072e-01 -2.259032631894679639e+02
6.912036553431722297e+00 -8.444142373528330836e+01
7.236690582811263539e+01 -1.861638892073090403e+02
4.428763812942914768e+00 -6.602371388132389995e+01
-6.895519654630617445e-01 -4.358549813801588790e-01
8.701465619590895706e-01 9.618589798289123305e-01
-5.561584457948053561e+00 -1.966605791888470947e+02
2.228129963200994723e+01 -1.443136553787707044e+02
9.996577723823398287e+01 -4.227650340682936303e+01
9.983186408658301048e+01 -1.474168391282701407e+01
6.504652416963807582e+00 -9.295949628329832137e+01
-3.553915152912122721e+01 -1.755548850219030896e+02
-3.849443446174798389e-01 -9.617053164996856029e-01
3.440960561369748039e+00 -7.755922275446525127e+00
7.098690914231907456e+00 -4.416871149877636071e+01
1.985735595264451803e+01 -2.554822052246555018e+02
-7.750158018747696609e+00 -2.586192500687800475e+02
-4.963005067937082515e+01 -2.558590706353324435e+02
8.338878984957498464e-01 6.841549390261496555e-01
5.632333079021361044e-01 -8.517005817264287071e-01
1.087755686487315465e+00 -7.079275339108397347e-01
-8.582031933260376277e+00 -4.017733112407275708e-01
-1.527487625552866213e+01 -7.516942846246006127e+01
-1.051514579237570217e+02 -3.432255585868888943e+02
7.322016723961821683e-02 8.954210883716708924e-01
-4.442933915007540868e-02 6.099045060046248690e-01
6.287113649853515174e-01 4.077490488908916966e-01
9.325143967721134519e-01 -6.055340036101835022e-01
-8.005255000280306898e-01 -7.047634194485343784e-01
5.139703654121889898e-01 -1.893780035734755618e-01
-7.405211817556444487e+01 -3.232532375817526571e+01
-1.822840194005668124e+01 -6.046850195844367448e+00
-8.532833522486695799e-01 -9.305259047031044783e-01
-9.838673990930848490e-01 -4.281480513974513791e-01
-8.430751953655282183e-01 -1.456794710289299744e-01
5.234499335023956590e-03 -1.223922412036775320e-01
-1.376843730564207249e+02 -2.274358714487596966e+00
1.138655871261691743e+01 -2.661829984231117407e+01
7.237297297901886850e+01 -1.741161168494579670e+01
9.516941893461927648e-02 -1.839293826519843300e-01
-3.022315247207068012e-01 7.180816547488730883e-01
-7.283444259384403985e-01 9.348540435236740720e-01
-1.616478599763926383e+00 -6.424556822028971226e+01
2.437133337103659514e+01 -3.119256424358166768e+01
9.996928579678962024e+01 6.985756661737238460e+01
9.978899696785202877e+01 -1.374618238538726800e+01
8.471473479011722318e+00 -4.275494862377060912e+01
-2.822060951647842586e+01 -7.812392947261696641e+00
-9.081671575908094596e+00 -1.377962379112876512e+01
4.226344604547371375e+00 2.503084899428506205e+00
2.781992211777592150e+00 -1.081644652557358643e+00
5.332995641619327643e+01 -4.957197856952657844e+01
-1.229538779895555578e+01 -1.400690219654547946e+02
-1.795434600741432973e+02 -5.587076350748279907e+01
4.446399525618474069e-01 -9.453802163072655418e-02
-5.270284082312521878e-01 3.231215662614675299e+00
6.849006301574525057e-01 5.852071672255667600e-01
3.518879479676124689e+00 -1.384613989128144595e+00
-3.477204978737296415e+01 -9.760116352878635837e+01
-1.383358805933662552e+02 -2.516623725654688428e+02
4.138689592984470256e-01 -1.059270874256601491e-01
-8.724150429136392493e-01 -1.914650060690017419e-01
7.773651547993105648e-01 6.088232546475043083e-01
1.946820880853148417e-01 -4.421397108319684577e-01
4.777365155032218258e-01 -2.077419514519946997e-01
-1.260431844139344726e-01 1.577054133020405757e-02
-6.401439941928379618e-01 7.730123261841717053e-01
-9.689782976561422956e-02 -3.092009661386185826e-02
-3.210850818982504684e-01 5.201768302911662367e-01
2.460728267209841835e-01 1.934805676513895456e-02
-1.932372588809805336e-02 -6.636878311851801548e-01
-9.641427920646539196e-01 -3.806676192829931971e-01
-6.535293010681178316e+01 -1.201000672734948438e+01
-5.154254424083946517e+00 6.878789770868104725e+00
-5.473553862839672934e-01 7.642377132181246147e-01
3.137774158822079773e-01 -9.988665214266305714e-01
1.511007964824857552e-01 -7.395222936316403484e-01
-4.571991818398215557e-01 -9.911074083831876713e-01
-4.221751879558980391e+01 -1.934873663667879384e+00
6.442766755766138331e+00 -5.467918534583018797e+00
2.420703444196603371e+01 -3.545629083183181596e-01
1.045640950679389558e-01 3.863741090979399218e+00
6.073057133895740645e-01 -2.818847449659865667e+00
-4.398285833164987668e-01 5.967414094271337177e-01
-1.260326570031953253e-01 7.903113707581446157e-01
3.002380915483639168e+00 -9.044956276085425184e-01
7.861141730622492219e+00 -7.317024461988077544e-01
-7.288314656952450399e+00 7.833572419636343653e+00
-2.162387519151734594e+01 -9.526725493861819771e+00
-1.239097146341746658e+01 -1.201314656349100929e+01
5.938187418507334669e-01 6.552247903207764068e-01
5.244397893873791183e-01 -9.956975306171156337e-01
3.667714002693900355e-01 1.332591463346604055e-01
-3.806685025020812851e-01 2.693183450975736193e+00
-4.341835428782005124e+01 -1.642576171487895209e+01
-1.080541696156509488e+02 -1.818491234915217660e+02
3.049677986244034855e-01 -9.219238098695057282e-01
8.922003692639262074e-01 -1.031223890742218874e-01
4.652538769919245532e-01 -8.147015714717804613e-01
6.493252633494206449e-01 -9.485092690285581440e-01
1.007582133507087807e-01 7.040863336364306946e-01
-6.134497492758324011e-01 -5.343973745006291853e-01
7.011946856975057596e-01 -5.737682286855494418e-02
9.894355648729109554e-01 -4.357967757805172315e-01
2.042468888420967410e-01 -2.782920532048753781e-01
9.685699611777653928e-01 -3.211487304707152379e-01
8.494015027634123083e-01 2.973263435808839450e-01
-2.739741451973976005e-01 2.564669625505993089e-01
-8.084806707341052334e-01 -6.041738194847467991e-01
-9.055377890363971449e-01 4.752733000262037155e-01
9.317718367917475764e-01 3.182320633754609496e-01
-2.785321726930756192e-01 -6.520787165565251620e-01
3.320891572327411279e-01 -1.023349740713324074e-01
-6.497369089015543331e-01 -6.354047860256881730e-01
5.213923309008605678e-01 7.331494178838549036e-01
2.431330531101336678e-01 -3.190468533070012214e-01
8.366947423916650806e-01 -5.532518583467367357e-01
4.437051452871025869e-01 -1.756396752420321672e-01
-6.773212618847226363e-01 4.053732742512226039e-01
-9.882524762901876425e-01 -1.887040810995692652e-01
6.768747544734190491e-01 -3.661212125874091505e-02
4.376798409958437830e-02 -9.085846866906932551e-01
5.584026370791683735e-01 1.226086694638086616e-01
2.452995015635046627e-01 -7.382861866665391126e-01
4.999853001157075205e-01 -2.531294814985398656e-01
4.837344463189250376e-01 -1.159706679805494467e-02
2.795468385738373307e-01 7.219978845122907440e-01
2.309690964138277902e-01 -4.602301052689696803e-01
-9.680409328593708729e-02 -2.340722081494004403e-01
4.271008734734444978e-01 -2.752815427363632939e-01
-1.637269467545254820e-02 1.672806129676611686e-01
7.662638711471918551e-01 -5.709570245951887113e-01
-3.080579136491043979e-01 1.026529957150279504e-01
5.663155465008531397e-01 -1.875345504075753844e-01
-6.445456259786448427e-01 -7.796978936313763153e-01
-7.423813519178690257e-02 5.988840357723292929e-01
-3.539176789531293110e-01 4.375059421248232994e-01
6.789631274065301980e-01 5.701461008148660525e-01
-6.978243728257240708e-01 6.316056266481666626e-01
5.764348563674284165e-01 5.916727329631459309e-01
8.395182055226433349e-01 8.933601652417562100e-01
-8.345674172218786602e-01 7.294707882782744957e-01
5.021094588031451700e-01 6.305406972929432641e-01
-8.568205961034136564e-01 -1.661820996030294317e-01
7.859501274505626967e-01 -7.710209994655445875e-01
-4.515015276605598427e-01 -4.011619597035247509e-01
-4.654262385911520639e-01 3.311122231978831376e-01
-6.384731397591092428e-01 7.662294985841056061e-02
-1.549925054396379398e-01 -9.479314715243434275e-01
3.856166840111987515e-01 -9.289821540760887508e-01
-6.931988304210783269e-01 8.908034250276064547e-01
-6.239263760124487135e-01 5.503340635398528136e-01
7.432340955543768057e-01 -2.876050521999660159e-01
8.437059072461341458e-01 -3.106778108870644761e-01
8.048146868631480544e-01 -3.293942955612640944e-01
-1.198579661896206350e-01 8.084665384498299634e-01
3.625761989579561195e-01 5.253424604358469807e-01
9.277706039635469359e-02 -2.905138129582820472e-01
-5.439067549934750723e-01 -5.013956873226101951e-01
3.060037054550446278e-02 -9.267246143521847834e-01
-4.952466282050893565e-01 -5.030766226837282140e-01
8.246961197417679301e-01 8.278184511932671352e-01
-3.659052713044863570e-01 -5.516472860137577872e-01
-9.406241239769519424e-02 -3.757843590304417170e-01
-1.615340506464795212e-01 -9.824832451948146694e-01
-9.339797232981990049e-01 -1.711205134068718436e-01
-9.963431827740383273e-01 8.635754427669208866e-01
-4.351878709652643451e-01 -1.861104534885758000e-01
-2.382829204266853083e+02 -2.829741354588610420e+02
-6.662711085186275284e+01 -1.149774369326167260e+02
-3.787230910159273822e-01 -2.006823157392965129e-01
-3.218818310513924530e-01 -2.727819102223771885e-02
-5.867530083705270183e-01 3.391719019735162099e-01
-8.291379126446971615e-01 5.489224964678269814e-01
-1.731049395311639216e+02 -3.873032382168149752e+02
-9.815813917046801862e+01 -2.983340373313991449e+02
6.672553056678484751e+00 -2.210900448547451447e+02
-6.735055548651716073e-01 4.939893590278328084e-01
-8.279365580299595795e-01 -9.843342774923449223e-01
3.488987467570379142e-01 -8.683347842002202555e-01
-9.987159120461993211e+01 -3.639155814752216997e+02
-1.467876275885302562e+02 -2.987233359388808935e+02
-8.463939202440307952e+01 -3.005367998563295941e+02
6.318051916578744986e+00 -1.614072349463245928e+02
5.228254595947410266e+00 -9.754237699792192018e+01
4.061841410728895263e-01 -1.017581734966752549e+02
-4.538352636104990268e+01 -1.019849043253297509e+02
3.226648147496007368e-01 8.360336556791476692e-01
-3.509364475133294548e+01 -2.186132274108692002e+02
-3.795463920907605626e+01 -1.931638845350760221e+02
-3.722094090362472407e+00 -3.288354937356225491e+02
-4.844522539636705005e+01 -2.062715614831106450e+02
-6.540994898780949640e-01 -9.284786034256182763e-01
2.999160211885079086e-01 6.197532508360044101e-01
3.039148755659204504e+00 -4.385859920207186491e+01
-1.911858658662403698e+01 -2.043983579796520900e+01
-1.581728458279686151e+02 -2.879073631237945392e+02
-3.926264338860826228e+02 -4.710855529643143313e+02
-4.020454976516421031e-01 -4.786406484193264088e-01
-6.778369294764998720e-01 -7.219762296231018173e-01
-5.667058967536999781e-01 6.215711629190785459e-01
6.048141234284194478e-01 -6.038678945239071005e-01
-7.406980455171929822e-01 5.061983289712479461e-01
-3.621427206178393021e+02 -2.774863301799434794e+02
-1.352342244221805743e+02 -2.065479112537022957e+02
-3.386546693077468007e+01 -7.526571021214709845e+01
-6.377106235829335112e-01 -1.840755733531460603e-01
-8.842315678570500381e-01 7.475389203940663307e-01
6.246380690870587671e-01 -7.297705392496418586e-01
8.576255987328891273e-01 9.724615586304379278e-01
-5.026386765838594783e+01 -1.966351199233484408e+02
5.759061128794432882e+00 -1.028863092320515875e+02
7.365955311099190439e+00 -3.352551912207911755e+01
4.007870533931128243e-01 5.383243329039878233e+00
-2.811140282444801741e-02 -1.915154942230048452e-01
4.223264561198687428e-01 5.680756364970507288e-01
-6.637585108930969646e+00 -1.062515730706384858e+02
1.656640139638869158e+01 -4.299425938178236350e+01
9.996480146665929567e+01 4.304573942638328532e+01
9.991153970783207683e+01 6.232377538615335766e+01
7.377206973184861738e+00 -1.032420404212384923e+01
-2.700576889428980110e+00 -2.325145121411820170e+01
-1.157620943910982625e+01 -6.363978057067966176e+01
1.447517411012952593e+01 -1.892502605903440482e+01
9.996932122994762437e+01 7.423915127314607787e+01
9.991644875922280278e+01 8.232531504529615063e+01
7.005284155849831329e+00 -1.158649248354786181e+02
-9.474701005631743556e+00 -2.790708493862020418e+02
6.849692056555456432e-02 7.228773397218344332e-01
-4.554036439692228377e-01 5.569999718268201505e+00
-5.267024682708709715e-01 3.836134523149439701e+00
7.007353008507812397e+00 -5.298258511085520439e+01
-6.305110455557115579e+00 -7.373137054590829109e+01
-9.534403755922220114e+00 -1.001942627830023582e+02
-9.340850674083549521e-01 -9.592292537970426025e-02
-7.156191159478770825e-01 -2.611239352664482816e-01
7.848841546753508869e-01 -6.551164940867559849e-02
4.563932364491940508e-01 -9.365570251767054710e-01
-7.317075538064504947e+00 -3.877478766602246907e+01
-1.283822328914910145e+02 -2.500116233343999284e+02
-1.154433869753656126e+02 -9.855090812598560035e+01
4.341812454637632435e-01 8.727309122168471767e-01
5.789398639833187588e-01 -3.293912039003157322e-01
-5.154293414902380022e-01 8.481119731070105860e-01
-8.906121705573504244e-01 -1.532183118086618556e-01
-1.175030420152145538e-01 1.221109407947529313e-02
-2.751269935115749377e+01 -1.272610637771148703e+02
-1.012012245105536046e+01 7.662512233657208682e+00
-2.197803204962259471e+01 1.461442006527722715e+00
9.500936676102171852e-01 4.990247047617661913e-01
-5.543547081840640711e-01 -8.688408080603622352e-01
3.827855269454922826e-01 6.004056488515860934e-01
-1.057996360350205549e+02 -3.189382426651251046e-01
-1.370495586090300044e+01 2.287184260050948836e+01
9.996733175788949666e+01 8.306362002510657305e+01
-1.241910159594269203e+00 9.954789184101434785e+01
-3.613259179936592069e-01 8.016960537958020439e+00
-6.220745246563717856e+00 1.624011789809000073e-01
-4.986728014689653654e-01 -4.454672714704249614e+01
-1.311894464029285423e+01 1.618879222006330565e+01
8.850104913575934518e+01 9.996856480122725941e+01
2.952600529451571987e+01 9.986982038303312947e+01
-3.201016995422537370e+00 -1.675423149677855861e+01
-9.261690008704245969e+00 -1.263193774060354428e+02
2.719887925133126494e-01 5.360441709075949746e+00
-8.521423008171480351e-01 4.620043195890698229e+00
-1.350883389138531676e+00 -5.236848057732599315e-01
4.273481867444899507e+01 -3.580594911528977065e+01
-5.775048943704238980e+01 -1.797188150211045965e+01
-4.216669066537200194e+01 -1.997386554492143773e+02
-6.274548717299559542e-01 -4.349312093073316454e-01
5.551374845238628009e-01 6.544449071981812693e-01
-1.786649412589231822e-01 -3.608829947892986389e-01
2.605477649396677364e+00 -2.979808219024080440e-01
-3.951605381559711816e+01 -6.191054968052148411e+01
-1.856051812281855575e+02 -2.528874145996845755e+02
8.565964349069299377e-01 7.520361357431686322e-01
-9.870507692805583488e-01 -2.730020396460581811e-01
-4.738004996156091053e-01 9.111424209123331064e-01
1.713434016420041228e-01 -1.780107947868636575e-01
-4.477717476165654631e-01 6.896742358428642472e-01
-9.207314055282056486e-01 -6.252416782234981874e-02
-2.147776219787911032e+02 -7.201343099146090765e+01
6.065434905394222476e-01 8.143985899340635548e-01
8.357764896426682633e-01 -3.068516647872121528e-01
4.930309593665258561e-01 2.651149350670340965e-01
-2.777789959901770800e-01 2.490662622026469375e-01
-4.897704230626831468e-01 -5.141142690457671804e-01
-7.442088058749294532e+01 -1.038019667171711120e+02
-1.404159765172276764e+01 4.364330274043349611e+00
-6.145847146461318466e-01 8.952148085906156183e+00
4.545635861270882483e-01 7.412860150898867850e-01
6.091509792531957235e-01 2.090010450096690953e-02
2.619621015205810810e-01 3.838242225498829097e-01
-2.902460168301324472e+01 -1.963052245950177355e+00
-3.304056969237290531e+00 5.436550354239672700e+00
-5.869314966734071604e-01 2.171633390702903554e+01
-1.707811538605482937e+01 5.938114415972837179e+00
-1.393446394372647035e+01 -9.379568862501947990e+00
-6.731845558826908871e+01 -6.264798531514658464e+01
3.212876735143641582e-01 4.256079453399297385e-01
-4.123538519257012869e-01 3.543904201147219712e+00
-5.121909057724209902e+00 8.157204389185057636e+00
-1.731406793157239576e+01 3.644340366973754630e+00
-6.888504826310270346e+01 -1.039325347429014634e+01
-7.259693293541519665e+01 -2.332352683471639523e+02
-2.764559850265706498e-01 7.262044424920721664e-01
-1.300585069324746712e-01 5.713710290165161521e-01
-9.223023342216210008e-01 9.316127669725176030e-01
9.829575234538737716e-01 -9.870077582132523730e-01
-7.173913160348912754e+01 -1.143675603893253090e+01
-1.741292902324802583e+02 -2.628653061025162856e+02
8.997217879143071251e-02 2.710739538929640702e-01
7.819257196359232776e-01 4.950418842159722832e-01
-8.293140430942647079e-02 -7.128654628710342500e-01
-8.941606607191892042e-01 9.618855433628019647e-01
4.073452921046172293e-01 -2.985271771181878808e-01
4.218907636085720281e-01 -1.442312009205670709e-01
-4.895970579869866057e-01 2.541820354280508454e-01
3.566433590524649144e-01 -8.576586287702843148e-01
3.650767617092931516e-01 -5.938088502896641252e-01
-3.137552127948239900e-02 9.156960192231888840e-01
-1.860108907459523397e-01 -3.474476065503382394e-01
7.503085580572061986e-01 -3.082516474936058959e-01
-6.514383029320904850e-01 2.515560535166376788e-01
-5.326273502417444572e-01 -9.922661466175464184e-02
9.932453128453633262e-02 -2.044750160370660819e-01
4.613823348420187376e-01 7.594354204582471901e-01
-3.855347765217587153e-01 -9.843852157068828657e-01
-7.081238491093637677e-01 -1.600655548678371343e-01
-3.965790804465887387e-01 3.738895677117262117e-01
-7.969905162752322081e-01 -7.837148207646336129e-01
1.428204302048310392e-01 -8.777149226628115919e-01
5.299418988699424737e-01 -8.775712373187072313e-01
5.674441295030896448e-01 -1.299469944446196568e-01
3.044758634289901345e-01 -6.735564355021348426e-01
9.289041895220528922e-02 9.539406353033876851e-01
-7.504580336856259137e-02 4.687125050966989281e-01
8.167498730961249009e-01 9.904825320904833141e-01
-4.552722656554188951e-01 3.461589142298495680e-01
-4.416100305305059592e-01 4.680491530935906308e-01
4.622568602126588821e-01 -5.082918217172347486e-01
4.192310972867905328e-01 -7.892402345180993262e-01
-8.448354547617558108e-01 -5.993792380509743722e-02
2.090552623185617520e-01 -5.085153079338706750e-01
-1.089822573608563161e-01 3.671159985731908826e-02
1.555335251537279806e-01 6.854696750507589531e-01
1.059745528661515390e-01 9.785870653281023568e-01
4.526068685626289945e-01 4.804903976575183311e-01
8.820272393210319972e-01 -6.945968258708112852e-01
4.987679407373777352e-01 3.616539143548349600e-01
5.843387287635346539e-01 -6.488097770307601486e-01
-1.254743308099985910e-01 8.237333274250935311e-01
-9.831556917608086366e-01 5.840265842253797857e-01
3.090588872037880463e-01 -8.133104089878693266e-01
-6.201141240024481416e-01 -9.109018783451443557e-01
3.740201849637014853e-01 9.722046767787546617e-01
7.397530226397295294e-01 3.147881021789735723e-01
9.639290447980504162e-01 -3.866749380798919500e-01
-6.795594418814290272e-01 -8.336265069188855126e-01
5.239254806462452230e-01 2.321900370510303624e-01
9.821773773718176503e-01 5.411066189586890562e-01
-3.208616202536163087e-02 -3.672183880477579709e-01
8.700065607659841493e-01 2.720626650144253311e-02
5.422553874333209123e-01 8.994664602684607768e-01
-6.457952311976333792e-01 -3.136175712709143859e-01
8.368079869519695624e-01 -2.632333696133459799e-01
-8.805424420131264807e-01 4.145714138130274229e-01
5.547942946774631068e-03 2.615636233198914695e-01
7.649795850445537670e-01 -6.582748509072602339e-01
2.597778544514877108e-01 -1.740321427070661287e-01
5.701095576271266729e-01 3.939620279383440060e-01
-4.587888647270463860e-01 5.943338337149854933e-01
-6.109525318606432442e-01 -1.968746005686967671e-01
1.879182031557391497e-02 -6.156129433130890227e-01
5.100293343237334298e-01 6.337220574762219005e-01
-8.377582175242725970e-01 1.123735027209478154e-01
-2.336806312813648479e-01 9.248103574090626999e-01
2.754222677508220141e-01 -7.090101320801533991e-01
-9.643894036571483142e-01 8.558688256944486650e-01
1.207456104959179211e-01 9.456113329104565146e-01
-3.726303691365475679e-01 4.920241775988076771e-01
-4.542487587736074861e-01 -7.097748477552330293e-01
-5.530285805031698310e-01 -5.156950074600987755e-01
-2.596821304566938693e+02 -2.504634568686253999e+02
-9.189811737903640676e+01 -4.644783646945173317e+00
1.269337614239778311e-01 -1.785414674575731553e-01
-7.235945111638413252e-01 -3.042687053165764599e-01
-2.334724183581049495e-01 -3.870245725179890517e-01
4.520988639788179331e-01 8.967612331425949268e-01
-2.182700672665237107e+02 -2.932189061233100347e+01
3.940916620547229243e+00 -9.535151222991763120e+01
2.979904707729999380e+00 -4.878713266735734067e+01
5.367971275615481375e+00 -8.306746950456291856e-01
2.555143930932263885e+00 -7.150191449777505426e-01
2.483068762337922841e+00 -3.971639844223910032e+00
-3.675486185042165488e+01 -7.358909267977195157e+01
-1.305961775134710123e+01 -5.660971753913679549e+01
4.145208617311039845e+00 -1.849959741234894750e+01
4.407895597416795042e+00 -1.693035520638710523e+01
4.006323576745993265e+00 -5.590305956361900641e+00
-4.833266347118996720e+00 -4.010485937303292303e+01
3.253350489960753489e-01 7.670952446432155458e-01
4.598132347683747678e-01 7.854605467393858120e-01
8.784810363547661538e-01 3.195859998398165036e-01
7.998330238153078753e+00 -1.267328983810196874e+00
6.627910980557052412e+00 -3.099526475118938862e+00
-1.548659901868637778e+00 -2.741402317489672669e+02
-7.799259261573598945e-01 -4.614376828305071232e-01
2.158664555726630407e-01 -6.107666039533210522e-02
-8.313716445775343189e-02 -2.766770451830846689e-02
-1.411770195519104210e-01 3.605967638422564736e-01
-9.264844944147581085e-01 -5.292249962278188224e-01
-2.267732355425561650e+02 -2.851726178243540630e+02
8.483776942585228298e-01 7.005501625426644452e-01
2.950287573251362261e-01 -3.873953901812177136e-01
-1.269417687325646860e-02 5.679982499586306854e-01
-9.080690644805442524e-01 -3.984755383874027945e-01
-2.060217474826422368e-01 -7.295846773115084449e-01
-5.132067495994059314e-01 -3.446078763380149290e-01
-2.385350226679108800e+02 -2.976614081777056242e+01
-1.586562071578052624e+01 -2.381940337615882086e+01
7.960043036197730348e-01 6.937641082370469281e-01
8.322039991515979285e-01 2.719002765189990622e-01
1.405921399988461218e-01 -3.658505620322387575e-01
-9.688843034406866561e-01 -8.992313582294146901e-01
-5.390490554887446706e+01 -1.566550265178408381e+02
2.374142641549837229e+00 -3.714189510378712100e+01
-7.013195762389210053e+00 7.005817332151515586e+01
9.609546874836185637e+00 -4.498977175521686078e+00
2.996815155224757721e+00 -7.283444065595585659e-01
3.288199616035937911e+00 1.600099503502099507e+00
-6.700883982947392781e+01 3.199412740620052098e+00
1.673048712163606666e+01 -8.843360865529245274e+00
9.996859803129828492e+01 9.695224607544305684e+01
8.650399972873312038e+01 9.992722366981745097e+01
9.159973498253116020e+00 -2.003765890606128153e+01
-4.687622923252613560e+01 -2.286911111237433403e+00
-2.825950170702941300e+00 9.227384316703330924e-01
2.487452030360950417e+00 6.361290475813685674e-04
9.994640647951699464e+01 1.455959916944746269e+01
2.238178578936354413e+01 9.991219654279035467e+01
-1.177892790902058229e+00 -3.149887451918539938e+01
-4.311848711366180709e+01 -9.388794552561400053e+00
-8.687118040117109974e-01 -3.640011869927677335e-01
-3.297344292154742451e-01 -2.681821309757528304e-01
-3.777326697260845467e-01 9.715696423816586602e-01
7.710114292412597159e+00 -4.489293670114370194e+00
-1.984897801678625484e+01 5.379815732177590348e+00
-7.498788085321010044e+01 -1.914497455107725727e+02
-1.189250499617184875e-01 6.535771929996481155e-01
-1.217700264782051178e-01 -3.356324936246113388e-02
9.190835308393454639e-01 5.820604759349614632e-01
7.958186710071617487e-01 -9.214532583116390452e-01
4.594623723514081881e-01 -8.538088897660411902e-02
-1.136288547486752094e+02 -9.590135590402043775e+00
-2.557874514678065339e+02 -5.858854054053279725e+01
-6.275977822405238982e+01 -1.990029532180013661e+01
-1.430658735157916972e-01 9.324808831561752775e-01
3.478939365468531886e-01 8.866755487787911783e-01
3.976161820707790895e-02 5.832342064363331691e-01
1.345229090984669806e-01 1.001132458413180881e-01
-2.251305483136285943e+02 -1.105531598794587751e+02
-7.457101078541404604e+01 9.558056936293034767e+00
-1.765307185232932596e+01 5.198014270422935112e+01
-7.409095649190082788e-01 7.193156193215191507e+00
3.560742233688085623e-01 -4.737092717609114878e-01
-9.790070220133100243e-01 1.657134573494010166e-01
-1.317606233892857119e+02 -4.084356795935347151e+01
-8.124610627426523024e+01 1.867961215933598851e+01
8.358014570545419986e+01 9.996820406439798035e+01
1.378462670457558481e+01 9.906285237576383906e+01
-5.527725782813065081e+01 -1.061647712689676171e+00
-8.499666018645687871e+01 -3.033830627395217761e+01
-5.541086566785548229e+01 6.721095356202415161e+00
-1.285266538846963513e+01 5.921651477233040417e+00
4.833645895852038166e+01 9.992637044112325384e+01
-4.069720296788888447e+01 9.835045274497556989e+01
-1.528354816102647895e+01 -7.173482693875548932e+00
-1.520152769050229722e+02 -2.487387044940107472e+01
1.204880212124750383e-01 -7.331027212815550698e-01
-6.690700371369651123e-02 4.590333766081293732e-01
2.995652519075330034e+00 -6.312937326396717008e-01
-2.572198649736778719e+01 3.170177111663326031e+01
-1.620385499434905086e+01 -9.439556724520755893e+01
-2.172628425206613372e+02 -7.891672098003368774e+01
6.584252267664401082e-01 -3.141915773048336025e-01
-1.821997953632790157e-01 2.450404450801129119e-01
1.979820607667066579e-01 5.005289257254257329e-01
-5.913499013715455277e-01 -6.040275333075495467e-03
-1.306652877578188665e+01 -7.441491568669613343e+01
-2.243575941514818624e+02 -1.441446089579081900e+02
-1.450561860336486291e+02 -9.796600425187074190e-01
-6.924776182376848332e-01 -8.140333543374722591e-01
-9.352023622348037968e-02 -5.534139141034200016e-02
3.892794503467389422e-01 3.715651795424355086e-01
8.742554563033049231e-01 8.383553599166628789e-01
-7.547183358950968479e-01 -6.959317441076229294e-02
-2.610660395396884041e+02 -1.479537686285460723e+02
-3.130649830996527498e+02 -1.115863805877176276e+02
1.083703106635241609e+00 -8.267086847314016040e+01
1.218243365542023504e+00 3.436976485121201463e-02
2.246404376969055594e-01 -8.444369538545715148e-01
-3.613793805608407350e-01 5.758345587371225260e-01
-3.353331334234811152e+02 -1.009222889400819696e+02
-2.211925349505976328e+02 -5.101813469165066550e+01
-2.935979866966358713e+02 -6.434665146707759220e+01
-2.362448441926851501e+02 -2.096203253121265320e+01
-4.113881269505568206e-01 -6.554483032137257226e+01
-4.329702592785899640e+01 -3.858198632433173003e+01
-1.563802951626100253e+02 -3.066370651392291258e+00
-2.482364056843846072e+02 -2.224930881509002916e+02
-1.755378608479216496e+02 -1.468278754365593208e+01
-3.834725593420402561e+02 -2.043982512097793247e+01
-2.398952999468169196e+02 -2.721938251599684691e+02
-3.961376750382879663e+02 -3.812007338348901158e+02
-4.492626095901206540e-01 -5.172958876091571234e-01
4.958507595420542646e-01 -4.807375350824281135e-01
-4.840804722404153182e+01 3.911524060131785330e+00
-4.317942608459741649e+01 2.160126618126186671e+00
-2.045902177840050058e+02 -3.062922299906300339e+01
-2.957333944339786740e+02 -4.296020186503100149e+02
-6.778426724480475229e-01 4.222311593178686984e-01
-8.669425274138029547e-01 1.536523307404413785e-02
8.252098693939562413e-01 -1.188393296644463248e-02
-9.858632951918253617e-01 7.436956647183130542e-01
-1.207579764060187983e+02 -3.458926809600515639e+01
-2.902746547798909660e+02 -1.994027871362776239e+02
-4.439289401790293965e-01 -1.532405991176515325e-01
-5.767813152133114407e-01 -4.459589846354774512e-01
6.952545002979189093e-01 1.680082401323104158e-01
-8.136305349304333578e-01 9.831870361172110329e-01
8.588574664047565754e-02 7.147391613157161316e-02
-4.057653737705524399e-02 3.182395478374473452e-01
-2.486934536922837946e-01 8.050230087425269687e-01
4.844832667709093599e-01 4.480317728769911412e-01
4.029943017043411402e-01 3.695884677930172391e-01
1.343067527753254442e-01 -9.821120762192103726e-01
1.098038017868714356e-01 -3.706688580654500242e-01
-4.799720059230483393e-01 3.129050229496377344e-01
5.901109271102822351e-01 -2.430506227492459370e-01
-9.996240172819070846e-01 -7.195118195304133213e-01
5.835217827453180739e-01 3.451951599571152496e-01
-1.804937742735803763e-01 -2.373175853037157168e-02
-4.197292188850652028e-01 2.579868702528873570e-01
4.154727760824419303e-01 -7.385088468921741089e-01
-5.088378260328374481e-02 9.692432618675732581e-01
-9.085441662870983315e-01 4.773639315333946254e-01
4.541154547036323486e-01 -9.729826240083707667e-01
5.969442729968610362e-01 -1.921566069424636147e-01
2.979850480199661700e-01 2.676363088324134054e-01
-7.690712755076214435e-01 -3.203617107034331113e-01
-9.071224496218091016e-01 6.084944882199270211e-01
-8.018235239617839127e-01 -8.470885996346888547e-02
-1.869423775120022668e-01 -7.777735103605962763e-01
-1.953529705614769352e-01 -8.143835261116150193e-02
6.845243786852155399e-01 -2.150129590177884964e-01
-9.762858466307455796e-01 9.988244883005548136e-01
-4.413253097376474976e-01 4.457787520939966441e-01
1.288053021401052156e-01 7.049359225792977135e-01
-3.098989206083413439e-01 9.627354382447497194e-01
9.576561335691060606e-01 2.438885929087890592e-01
1.056593309104914002e-01 7.861547688216752316e-01
-4.319813756441810426e-01 -7.008800506333257019e-02
-4.319862686913615857e-01 6.771730564243871875e-01
-4.866228689761140647e-01 5.110698848321693077e-01
-7.248221036880735380e-01 3.251911785535366306e-02
1.199861667146975286e-01 -4.622924273141448825e-01
-4.940786853055376682e-01 3.040637772344161327e-01
-8.137387365251180782e-02 1.595199654385170973e-01
8.428379069083071773e-01 -2.550473427384039038e-01
-1.161330196545615756e-01 4.606175226738151718e-01
-5.193542817680363299e-03 3.121054945715173723e-02
-9.510015868200127898e-02 6.982256908504413939e-01
8.517476007626931800e-01 -1.808497171889353883e-01
-3.832386011292017169e-01 6.577580545414194457e-01
-9.568020218871287064e-02 -7.983812886785597307e-01
4.125531195266907147e-01 -3.366215254686131253e-01
7.172579947703305869e-02 2.230375459751250400e-01
-7.928429393346809739e-01 7.670465837730635617e-01
-5.896168477174046352e-02 -9.494305319049269887e-01
-4.160352571447931691e-01 -3.147947934942210146e-01
9.328368982408243859e-01 -2.269161242501116504e-01
-1.899353055941692681e-01 -5.284813268532249086e-01
-6.112582245594890828e-01 6.534960080989820064e-01
5.937586810545418814e-01 5.898955876366616113e-01
-8.582808584549042052e-01 -4.581142462952738637e-01
-2.789261195550003514e-01 3.579940106578043402e-01
1.788610207550553888e-01 2.757562780880975506e-01
8.030413571679020368e-01 -9.518510562678272890e-02
9.473776976432635166e-02 2.574837487255376978e-02
-5.038778436010544759e-01 1.295038065695226503e-01
-3.462628804209080258e-01 -7.010463506043282944e-01
6.590873152718141892e-01 3.975929759002332364e-01
1.871069486844225693e-01 -6.997196305625192903e-01
-3.336729378681153602e-01 3.713777070902140043e-01
7.181937419411932311e-02 5.190248476069601047e-01
3.298867925883945951e-01 -9.387407961407387980e-01
-6.248239227704712739e-01 -8.842557209912784710e-01
1.464952445209146692e-01 1.727469648615016506e-01
-7.904330263626849273e+01 -1.699469249520342942e+02
-2.757704812998169075e+01 1.071611512296321678e+00
3.160419663728752937e+00 -3.794591383517611494e-01
-3.622337928061141188e-01 -2.112009365264251315e-01
8.679264554561267886e-01 -1.842730682355606664e-01
3.145919712196556528e-01 -6.816335669252211460e-01
-3.023705639619378616e+01 -1.156996495586835891e+02
2.918941312122867782e+00 -1.911565526607145316e+01
1.490872113119767084e+00 -2.373662354593137458e+00
7.956010164740794366e+00 -1.314293823808441175e-01
-5.472603356962650878e-01 1.436054796649701260e+00
2.268509590675316989e+00 7.896716918423243303e-01
-9.644719377197297216e-01 -2.433964064799025717e-01
-9.192794035606959291e-01 -6.659017612089646043e-02
-3.331494180000005301e-03 4.953783951360723137e+00
8.389310467441390529e+00 -2.489644770543495422e-01
5.472545439541686818e+00 -2.363203527265714143e+00
-4.863426938470342797e+00 -4.460413543403961967e+01
2.226311180567257519e-01 -9.985021171478416502e-01
8.534927004890842106e-01 6.847362609308154102e-01
6.678075746395686352e-01 -8.368062898780859182e-01
-5.632195342685131223e-02 2.906919826123997019e-01
-1.008360574306179425e+00 -8.361982993505735484e-01
-3.949481660929063054e+01 -1.819974672338837607e+01
4.773686268663563936e-01 -6.124968648773889690e-01
2.462984221267887630e-01 7.367553383746709983e-01
9.660002867490400380e-01 7.874863789957897708e-02
9.292053529275343671e-01 -7.619104298835055467e-02
-4.956682432023473694e-01 7.588200792217731916e-01
4.122391534369984623e-01 -6.265358644933494148e-02
3.728417300157811365e-01 -5.036340596430002314e-01
6.606705931463121573e-01 -3.740547741993660580e-01
-5.046121000374628185e-01 9.075963517327318986e-01
-6.827034349122937940e-01 5.102107782885922926e-01
-6.551541447863529211e-01 -3.917615462499273171e-01
5.699978977099269262e-01 -2.838496652306321533e-01
-2.193173789883588825e+02 -4.263491398320164905e+01
-5.424789545287872272e+01 6.044969486771705647e+00
-2.418656831477432334e+01 -8.578225698890237894e+00
-4.954364161548046042e-01 3.063228369734731338e+00
-2.841669687267471822e-01 1.573571259841255676e+00
8.601195385454147857e-01 8.813336876556177035e-01
-1.511098523599928569e+02 -4.110187460806351112e+01
1.171505246109323384e-01 -5.087409240565998658e+01
-9.738467202665376021e+00 7.986251562523702319e+01
6.389199368916485433e+00 9.070056954424543960e+00
2.293515246645813743e+00 -9.773287370216541259e-01
3.452570504990621902e+00 -3.541802689084996292e-01
-8.526568584210007629e+00 -4.097490880475628217e+01
-1.334435388979875547e+01 1.729762785893820620e+01
6.256901218258420272e+01 9.996823721749511549e+01
-5.411820922634719722e+01 1.475101054909636034e+01
-5.847569604051499681e+01 8.395254297958995693e+00
-1.152449711900702596e+02 -1.043015413819805204e+01
1.310039211065694431e-02 9.577841770982669090e-01
1.360689489293553933e+00 -4.210054652304797695e-01
7.025798789639931208e+00 -2.156095666075159567e-01
-7.134047454325046544e+01 9.659612753005211161e+00
-5.124420831094175099e+01 -2.129473429539573193e+00
-1.390059937391849303e+02 -4.081015841840776659e+01
2.877454542998314491e-01 5.224148514922228870e-01
8.923891246447421821e-01 4.212218697213305774e-01
9.579856390049310555e-01 5.762118078981546265e-01
-2.338408625269179364e-01 1.687351379728132539e-01
-5.296786347340316503e+00 -4.994470369880864569e-01
-1.779325884643698430e+02 -4.061551752506764501e+01
-5.860738940663781094e-01 6.977517145513278951e-01
-3.580650516502816849e-01 -7.788255599971289911e-01
7.546794206104334712e-01 9.895719157951481382e-01
2.963706417941192051e-01 4.863096789882312976e-01
-5.172804681479425959e-02 -6.757558324223247315e-01
-9.240523851711053283e-01 -2.046727764346989442e-01
-2.874392448727996907e+02 -5.134890406510530170e+01
-5.990800486211243481e+01 2.448352885171526161e+00
6.501185660596942029e-02 3.655629182668064914e+00
9.076970002688180550e-01 -1.822522041475402865e-01
7.691439562714297296e-01 4.289554893236191546e-02
-3.800469262960211037e-01 1.548838494774991137e-01
-1.685320541595760631e+02 -7.079800194881475761e+01
-8.518934476267691025e+01 8.374292550859012252e+00
-8.238759516207605316e+01 6.960476773739421219e+01
-1.109638641226718079e+02 2.979890339702026658e+00
-5.593967916670048446e-01 4.552590652855386111e-01
8.932473803863845152e-01 4.936515902838212178e-02
-2.191305035745903638e+02 -5.191299305018766574e+01
-2.058380576587282462e+02 1.292163768394300760e+01
-6.342161108088980370e+00 9.996803176252008427e+01
-5.015973511305739407e+01 -1.459197443559255305e+02
-7.991177258390615634e+01 9.111930968409614806e+00
-2.559131890364859032e+02 -5.915879720091244565e+01
-1.332104757077660295e+01 -2.277170564942622732e+01
4.414878854902314131e+00 -8.045582558737440770e-02
-4.820053991884932998e+01 7.077886121605545533e-01
-2.332066671007552543e+02 -1.200579097785988978e+02
-1.216179919875193320e+02 -1.730591641017396753e+01
-2.365473976215508003e+02 -1.074303418513771931e+02
5.784956403267265124e-01 -7.731096402674402235e-01
5.918084889522223779e-01 3.637907454022575315e-01
-4.593810213761004846e-01 -3.792509056765360764e-01
-9.428559236075859662e-01 3.353286141198728920e+00
-1.462890747978089223e+02 -2.830607376273134079e+01
-3.336419384638922452e+02 -6.690081523965163512e+01
-3.544557647558312929e-01 2.011690514003783292e-02
2.584448138315420529e-02 2.417532776904662839e-01
5.584750058288627805e-01 5.209286009493598879e-01
9.494173631470648189e-02 6.970557624073887570e-01
-6.967544523392268374e-01 -4.487372452853726212e-01
-7.734009516258799621e-03 -8.544537568476076039e-01
-2.603254824218092836e+02 -2.267327622684574919e+02
-4.435757056627019779e+01 -1.850036537484921837e+02
-5.339285681425278707e-01 -1.752842448229932071e-01
-6.738288928072824202e-01 7.839456061295397848e-01
7.982200943875306098e-01 8.952711000153270593e-01
7.221801171941577557e-01 5.965269306583904640e-01
-3.302221988618933892e+02 -2.255432095699437411e+02
-4.172934926164089688e+02 -1.576269016144526915e+02
-3.919605269166167432e+02 -2.275293588945325212e+02
-9.874018859094142897e+01 -9.942001130090984873e+01
-5.845395602592091677e-01 -7.620582504254067580e-01
-7.831976414472614501e-01 2.454274913675562608e-01
-2.903848237705612974e+02 -3.446268744890190305e+01
-1.553879256912933897e+02 -3.247520231467387362e+02
-5.617843344518485083e+02 -1.231671686441507347e+02
-4.939496685251834833e+02 -4.671734073870404700e+02
-3.014557321137522194e+02 -1.327148131139885265e+02
-2.583381973198400487e+02 -3.040377465444992140e+02
2.112801707096343407e-01 8.510448707522519918e-01
-9.897270735421567167e+01 -1.706805731661600021e+02
-1.905172966808797810e+02 -6.345602576304933251e+01
-3.963179510426259640e+02 -4.681930011433988170e+02
-4.228999898039364211e+02 -9.315445978603452204e+01
-6.215025699401317070e+02 -4.199101272811755052e+02
3.961474411476817448e-01 -2.307615770154056722e-01
2.975855379537084566e-01 7.306895021574333349e-01
-9.891809866275259822e+01 -7.382186367694589801e-01
2.429968144091521065e-01 4.515298978954740861e+00
-1.383649711417208152e+02 -2.666311678365871174e+01
-4.635434852401015178e+02 -4.504555603689613577e+02
6.851417823703245258e-01 9.946980089454027230e-01
2.651216431020908537e-01 5.190767896240144896e-01
2.852838847604506345e-01 -1.191771437824069579e-01
7.597247723544662268e-01 9.071126978562638055e-01
1.443303361679462160e-01 3.718555989520815341e-01
-6.904684994122668229e+01 -7.025572493714517464e+01
-1.789118617529159572e-01 1.431224563271962236e-01
-3.583936389498201258e-01 6.849628796999907010e-01
4.563380554490588104e-01 6.507171830331819340e-01
8.728435655709658736e-01 8.321568479162455567e-01
7.087450045241818763e-01 4.011126557846504959e-01
-8.549125623476958591e-01 -3.822753107986276433e-02
8.860293078849150739e-01 -6.130049698885700060e-01
2.796638266566731090e-02 -6.458821727510064559e-01
6.698280682633883654e-01 4.814769713698077158e-01
6.185389688055380475e-01 6.791051678117594470e-01
6.372564237637714513e-01 4.078557423005666482e-01
-4.579136264065120088e-02 4.320613275992708502e-01
1.553238881164460405e-01 8.446772767801693504e-01
-8.118024495012148289e-01 3.761372117734742559e-01
-6.119178998291376903e-01 -2.548577963016602776e-01
7.685265923012059019e-01 6.222544896951007765e-01
6.195040211135383057e-01 5.392996045809983485e-02
-8.384240071540269845e-01 2.222838628099856884e-01
4.733184183052157046e-01 1.546732876145404667e-01
5.447312816266247637e-01 5.921488472865479302e-01
5.733565013001045152e-01 -8.831630856905998694e-01
9.522314399356679449e-01 1.284090549708114537e-01
-5.620494654936307732e-01 -1.173335998069198194e-01
-8.154095087248021123e-01 -9.698280189021515341e-01
-1.158089113272628978e-01 9.470357402974916017e-01
-8.714274668068098251e-01 1.666832253802523756e-01
-8.166781189971559218e-01 -1.935311661781824455e-01
-5.710800550397407971e-01 -9.103105435669387457e-01
7.699072639032089604e-02 9.327432134510373896e-01
-8.074543823664868114e-01 8.988815648966639316e-01
-9.948548874338507542e-01 -8.439960721542072442e-01
-9.508939442541193277e-01 -5.187745030313031247e-01
1.420533934431789103e-01 2.250616322248590873e-01
-5.673276420287280963e-01 -3.080238973764661825e-01
-4.858103636824138150e-01 5.447293864012991982e-01
8.841817134359364339e-01 9.966701025221158528e-01
-5.573020642369757027e-01 3.383967581990139362e-01
-5.970086674365990831e-01 4.237196854321172435e-01
8.237012456494046120e-01 5.992687966263490207e-01
7.982784648489349433e-01 1.209402698951822508e-02
4.012325852314218011e-01 -2.830743913350832752e-01
-4.095851441628777234e-01 -5.896175217891304055e-01
3.768766691369633826e-01 2.628706484299725421e-01
-4.717712074729354388e-01 -1.329926024076539814e-01
-3.693289014803837755e-01 4.872308372786133823e-01
7.798370453386538337e-02 2.687794101132299218e-01
2.489985203231996902e-01 -1.527062768861020547e-01
6.592162021571668085e-01 3.287143197090458546e-01
5.781024443825466541e-02 3.260090155527002320e-01
4.488644406799173758e-01 8.279586999292716243e-01
4.705122888150290450e-01 -9.872434212303593526e-02
8.310599682146999623e-01 -3.902703880163456152e-01
-9.903180434047025305e-01 -3.962048029192817289e-01
6.516341970161454444e-01 -4.137989172944567251e-02
-1.863743837705369444e-01 -3.099776537637433105e-01
-3.610264988499469752e-01 -9.338455343310321233e-01
5.115456028573039937e-01 1.513578240458857138e-01
-8.492521986104375475e-01 1.725355458411841347e-01
5.241039993315210754e-01 -3.968769642867955305e-01
1.303120994417681366e-01 2.673414521006152178e-01
3.211946459491987760e-01 -1.524456366511219851e-01
6.393315076193550883e-01 -6.558420288428292722e-01
3.780512371985458309e-01 9.346864544362032401e-01
-7.239025300288746134e-01 -5.113685799716296554e-01
-7.215314874809608536e-01 7.610883314656846643e-01
4.535080822525006106e-01 7.104784490475020142e-01
-4.217439553971191746e-01 -9.552823838631008257e-02
-7.114389779846355122e-01 -7.951719891667723417e-01
8.914684266863768247e-01 6.135188959889292803e-03
-5.292903220220397387e-01 -2.900099239608695534e-01
-7.320631854210590816e-02 7.693620446676938673e-01
-2.181737963177343698e-01 -7.930897078962511060e-01
6.968342933956785945e-01 1.299746458318811193e-01
5.485972621644066294e-01 9.706094950775947527e-01
8.063612859210882444e-01 -3.563143545094171749e-01
3.702819959120220439e-01 -2.722429592578188284e-01
-2.932643958139253826e-01 2.302186206168170823e-01
-1.071895394857980133e-01 -5.675728633031233983e-01
-7.311805899596861558e-01 -9.067549474592064840e-01
6.556676648453283462e-01 1.180413256832850699e-01
-3.213562634850302135e-01 7.521494987512826746e-01
1.542048668199547112e-01 -7.958746649801360373e-01
6.535379293602969764e-01 -8.824441388909789463e-01
-7.754032321614137135e-01 -3.975880933250905969e-01
3.672769324992719575e-02 5.486380720935333244e-01
-5.239924404334252994e-01 7.507690011096443961e-01
3.241120619343480502e-01 -5.881437321987843525e-01
-5.773439863306306652e-01 -9.474576569414239202e-01
5.773661813518062846e-01 -2.466663402409929873e-02
1.237881331412493680e-02 6.394939740614378199e-01
-2.189926078923800645e-01 3.214483676514667820e-02
-1.772219235796310688e-01 9.843562183662335485e-02
-6.188943516563027991e-02 -2.255172504997902116e-01
-6.798708701129045906e-01 7.577123943473238477e-01
9.811307042970813797e-01 -3.200089558229453068e-01
9.446513321867378021e-01 1.547903320604984145e-01
-5.779154851766978851e-01 -6.340319257417332821e-01
-3.380058270008046151e-02 6.703905029041181685e-01
6.655106891527975410e-01 5.777695409214702593e-01
-1.179308702017467514e-01 5.786686542447294634e-01
3.498074775800441572e-01 3.588620679166991678e-01
2.725393771633610740e-01 -2.900652368931162517e-01
-6.545472893884147769e-01 7.873518504573107091e-01
8.710535808006161229e-01 1.431548857461402147e-01
5.553039174290685942e-02 -7.065698872413828102e-01
6.321739200337288533e-01 -6.819931006580439714e-01
-9.040572900790879718e-01 5.944364771789685253e-01
5.673640869676395138e-01 -4.698051805749785537e-01
-3.481105523351898228e+02 -2.383103671262608430e+02
-6.410657590698785668e+01 3.303120594322381809e+00
-4.867242779652041662e+01 -8.040044430159531430e+01
9.497773967057308031e-01 7.507932687101985803e-01
3.401585337352209804e-01 -4.324278085398026050e+00
-9.384957370191950865e-01 2.585053381128108896e+00
-3.050508979941915833e+00 -5.391410543465570804e+00
-8.875166027217663611e+01 5.445535709203783270e+00
-4.453777763237349774e+01 1.588297230349922984e+00
-2.618047550721049888e-01 2.622989627160950299e+00
1.349640949833118109e+00 2.700614330510142658e-01
3.498636491989835839e+00 6.323186337224218079e-02
-1.418598303770852720e-01 -4.314902110834277771e-01
1.035270205474627669e-01 -6.170422119122744853e-01
-6.063534688157498920e+01 2.629344752517031925e+00
3.693740308638340242e-01 9.726409271522925337e+00
-7.460264150529174465e-01 -4.502667863001478921e+00
-9.868607566794739228e+01 -4.304770109748304918e+01
-3.499511480654000639e-01 -5.698339876313853747e-01
4.384156470754698720e-01 2.734775428451214907e-01
7.884097595796237812e-01 2.814103747265410682e-01
9.671440454660007457e-01 2.084416115094993582e-01
1.267738236528697104e-01 -4.390355074089025145e-01
-1.086256971319508295e+02 -6.154131895876086844e+01
1.189845506969005040e-01 -2.877437757364007531e-01
-6.618935176444125101e-01 -3.464169904585525650e-01
-3.754045234465568370e-01 -8.602142910655730113e-02
9.870241256668494945e-01 -4.274872627973658190e-01
9.082380769126958686e-01 2.307562869923982518e-01
7.392657422022088642e-01 -5.697339412632687061e-01
4.183841211589833797e-01 -7.532157333401872101e-01
-9.585276003194191929e-01 -7.953949625823077962e-01
9.166345310857815232e-01 4.042464326696706411e-01
-4.212671712467557228e-01 -7.956892915040159053e-02
3.797305185942636552e-01 8.700494353579069085e-02
-8.867826258130278028e-01 9.444820306758590078e-01
-3.262945177741127623e+02 -3.027404214554889563e+02
-2.325400481225460680e+02 6.004845151174318829e+00
-1.058091705759459700e+02 -1.228945136849173423e+02
-6.008202620695601848e-01 2.656444583267751902e-01
-9.822426661571488182e+01 -5.663401672895114203e-01
-4.825816622361837460e+01 -4.281098596267094081e+01
-2.999991345500232001e+02 -5.843767073038533510e+01
-1.902734777545564100e+02 -9.182250915696874571e-01
-4.505260542976058673e+02 -6.728923398367548714e+01
-2.406639450343926683e+02 -1.790276194352802364e+01
-9.812450452139522383e+01 -1.277441770642001018e+01
2.540279298346377779e+00 -1.528743022545431529e+02
3.232965484051399940e-01 -8.630189921449755719e-01
-7.071246353763542825e-01 4.721601379118298691e-01
-2.914815851553821631e+02 -3.159081413777907699e+01
-2.648365990772302894e+02 -9.864944530913563270e+00
-2.604360510689945158e+02 -8.164273359121179396e+01
-3.305961372797814306e+02 -1.497934469531261072e+02
9.564455331334014154e-01 -2.193809060130549327e-01
-1.698544828026204989e-01 -5.867665706525841962e-01
9.856543868031750755e-01 -5.972676078656646848e-01
9.492233919914956353e-01 1.429857153734039876e-01
-2.536936591826631116e+02 -9.913831342403715041e+01
-3.142477917422015707e+02 -7.802408490944731057e+01
3.888043492908139775e-01 -9.234075863194091127e-02
5.119840042769643329e-01 -9.734482808983544455e-01
-2.481793092076651774e-01 2.933355092859417645e-01
2.148098813142156338e-01 -8.338795316754743503e-01
-9.669247546776120750e-01 8.321914529855203302e-01
1.104212387632295123e+00 -2.666742087059601474e-01
4.820775834271606719e-02 1.746631484499465703e-01
-2.198021812001449415e-01 7.368960508043507218e-01
8.442479489159520067e-01 -3.305473071484053005e-01
-9.429339014748909786e-01 6.355942125773577089e-01
6.525950527406134682e-01 5.788503336770585150e-01
9.874449550711610346e-01 -2.978123591101751177e-01
-6.158696899236206264e+02 -5.260613419499841257e+02
-4.909785541694134281e+02 -4.723798944014517929e+02
-2.836657544796277080e+02 -2.307754794121371447e+02
4.595625389814375072e-01 3.030577119122335183e-02
-9.868260978855802534e+01 1.195981232466942767e-01
-8.362361665466262473e-01 -9.934424615028882499e+01
-5.381754272896716884e+02 -4.863817799993693143e+02
-4.238268145549175188e+02 -3.843061423893681194e+02
-6.764938020698077707e+02 -5.086907135914639184e+02
-4.465287402866844104e+02 -4.693424358604590338e+02
7.912748350396736630e-01 5.203781597634533629e-01
-9.949356021732997135e+01 -1.933121063583537875e+02
-1.001610652028154220e+02 -9.892880699121069199e+01
2.873262490020631610e-01 4.448852705193631074e-01
-5.186480192772337432e+02 -3.965176094445126864e+02
-4.207927140956330732e+02 -4.020663698023163306e+02
-5.052056653305032228e+02 -4.504054346630365444e+02
-6.222069232651879247e+02 -6.081704916844732907e+02
-4.624063923398404885e-01 3.217042832980900879e-01
-9.343442951719145295e-01 -4.137707966610275623e-01
-9.905008188631612143e+01 -4.782330776250116600e-01
-2.463798980737076647e+02 -3.211061226556096244e+02
-4.090225552492610746e+02 -4.418863148816748776e+02
-4.321604267186131096e+02 -2.997271288549205224e+02
6.275670866056297648e-01 2.691617043045062552e-01
4.142664230692774119e-01 3.258975601222284801e-01
-7.525350159000800954e-01 1.383956931125207568e-02
9.723462486394032211e-01 5.459428446512395450e-01
-5.883731552479118943e-01 7.065998177495220745e-01
-2.736473427788600929e+02 -9.929117773930400404e+01
5.423166271811494799e-01 -7.491692355951167226e-01
-8.072747794599379745e-01 -8.192182700172345733e-02
-3.255083228526707284e-01 7.112804373075602982e-01
3.125959105840923069e-01 1.793723159445832493e-01
9.419279671090041717e-02 1.851733697131008327e-01
-5.040144654458789120e-01 7.077659203262149923e-01
-9.903655351366131843e-01 -4.086970956797622012e-01
3.175344999818503489e-01 4.567430741333291522e-01
-1.218695307832220465e-01 -7.299430365978771817e-01
1.232022642113534960e-01 6.213115813034142398e-01
-9.964310109260261505e-01 7.186870083978915691e-01
4.811758594704120817e-01 -5.249844151461198205e-01
-5.745235824727292773e-01 -7.131263223003951879e-01
8.707676680867180163e-01 1.555031004740634604e-01
8.549070557216653654e-03 1.398563861161528088e-01
7.677024709156874405e-01 -2.237065750897493377e-01
6.007862382978295113e-01 -6.480435675480311630e-01
-6.218311448107147754e-01 -3.458620258822189264e-01
-2.235844939360105421e-01 -4.278756018007299211e-01
4.198656870896204651e-01 5.753670112263857828e-01
-4.114880047878324287e-01 6.125450360727149324e-01
-7.199760683616942547e-01 3.870654286359198615e-02
7.347976645220317682e-01 1.696957208802314376e-01
-5.993415269393767009e-01 3.110613143543070613e-01
-5.046658292381560607e-01 -6.501145547299431726e-01
5.742100747790337412e-01 -6.302244576145847876e-01
-3.129081803179092347e-01 -2.922499555739377364e-01
4.753812302976498927e-01 2.471505336231776262e-01
5.078616290020736557e-01 9.313471544696951820e-01
5.442822932433011296e-02 4.759953352356485201e-01
5.459056979454635083e-01 -6.796947228118788153e-01
-3.579232939110739142e-01 7.533196627577944948e-01
-3.931130296849547623e-01 -4.368576708060707414e-01
-9.477568220179473091e-01 2.176775011922007508e-01
3.888367932167990926e-01 -5.695874537742935395e-01
-3.608562010217621907e-01 -9.291429867301987944e-01
2.446062423705304134e-01 1.389311066674994155e-01
-7.924439845221638024e-01 4.838551080053536957e-01
-3.391266427696226771e-02 -2.024479356706290201e-01
-1.575529643002961944e-01 9.985137756492812322e-01
5.355718022991804439e-01 -9.073996279392260167e-01
-2.306896736950148075e-01 7.527208413731223402e-03
